	gini	name1	gini_IGH	gini_TRB
0	0.8371939571831248	TCGA-GN-A8LL	0.6239113222486145	0.38095238095238093
1	0.8655086183227335	TCGA-ER-A19S	0.8326658838915575	0.6033094058571765
2	0.672822466988034	TCGA-BF-A1PV	0.6693066231850299	0.0
3	0.6412089558628365	TCGA-FS-A1ZR	0.691497975708502	0.12413793103448276
4	0.7852066333245591	TCGA-ER-A19L	0.3129251700680272	0.0
5	0.8729114843523905	TCGA-D3-A2J9	0.770471256684492	0.5991573463500558
6	0.4296132728574839	TCGA-EE-A3JB	0.15656565656565657	0.15625
7	0.6324953154278576	TCGA-ER-A19O	0.6354044758118551	0.3464285714285714
8	0.7985478792833886	TCGA-D3-A2JC	0.7443670034792854	0.397875816993464
9	0.23720264042844688	TCGA-GN-A4U9	0.12828947368421054	0.10196078431372549
10	0.35388921742558643	TCGA-EE-A2MI	0.3727891156462585	0.460969840331165
11	0.1636904761904762	TCGA-BF-A3DN	0.0	0.0
12	0.45767435348881974	TCGA-D3-A1Q6	0.29411764705882354	0.0
13	0.8158160301956101	TCGA-EE-A29G	0.6874900903757729	0.1655773420479303
14	0.7901975454862004	TCGA-FS-A1Z4	0.7302605839618043	0.12641386073880354
15	0.8776066919411907	TCGA-BF-A5EQ	0.8593100819515914	0.21297297297297296
16	0.23194103194103194	TCGA-D9-A4Z5	0.16666666666666666	0.0
17	0.37117601231773373	TCGA-EE-A3AF	0.37037037037037035	0.4753787878787879
18	0.18315508021390375	TCGA-EE-A2GO	0.0	0.0
19	0.4990792540792541	TCGA-ER-A19B	0.45956284153005467	0.0
20	0.7050140519528275	TCGA-EB-A3XE	0.8042857142857143	0.2798913043478261
21	0.5589279396468939	TCGA-EB-A5SH	0.5208061002178649	0.03561253561253561
22	0.7217058654861562	TCGA-EE-A2GN	0.5652264229331118	0.3055555555555556
23	0.8802728156265462	TCGA-FR-A7U9	0.8181439992738769	0.11956521739130435
24	0.8337910262656686	TCGA-GN-A264	0.3894927536231884	0.16666666666666666
25	0.31789568345323743	TCGA-FR-A3YO	0.2888198757763975	0.16666666666666666
26	0.5997463209721635	TCGA-EE-A17X	0.6697525369414278	0.0
27	0.4963744232036915	TCGA-EE-A29E	0.16666666666666666	0.0
28	0.4105263157894737	TCGA-DA-A960	0.0	0.0
29	0.5848509707410445	TCGA-EB-A4IQ	0.4111111111111111	0.0
30	0.4050688802543271	TCGA-D3-A2JK	0.19047619047619047	0.0
31	0.4583333333333333	TCGA-D3-A8GL	0.13333333333333333	0.0
32	0.4583333333333333	TCGA-FW-A5DY	0.13333333333333333	0.0
33	0.4583333333333333	TCGA-EB-A5SF	0.13333333333333333	0.0
34	0.4583333333333333	TCGA-EE-A181	0.13333333333333333	0.0
35	0.4583333333333333	TCGA-W3-AA1W	0.13333333333333333	0.0
36	0.4583333333333333	TCGA-ER-A2NH	0.13333333333333333	0.0
37	0.4583333333333333	TCGA-EE-A2GL	0.13333333333333333	0.0
38	0.7495996322992042	TCGA-EE-A2ML	0.7097162097162097	0.2014854313464102
39	0.8108362237795238	TCGA-EE-A2MU	0.7809091846201422	0.26988636363636365
40	0.8513980561436817	TCGA-EE-A2GD	0.758953722334004	0.08585858585858586
41	0.7829630550946797	TCGA-ER-A19H	0.7632435094290881	0.376131083394473
42	0.33862843858969394	TCGA-EB-A42Y	0.08888888888888889	0.3173076923076923
43	0.8690179245950428	TCGA-EE-A3J5	0.7110581247306041	0.3426262626262626
44	0.27157164869029277	TCGA-BF-AAP8	0.32142857142857145	0.16666666666666666
45	0.7988156767999008	TCGA-D3-A2JB	0.7351814066583766	0.22177284287575214
46	0.13529411764705881	TCGA-RP-A690	0.16666666666666666	0.0
47	0.6952605388342066	TCGA-BF-A1PZ	0.5540178571428571	0.12352941176470589
48	0.5566810344827586	TCGA-D3-A1Q5	0.44364937388193204	0.0
49	0.8291117628349597	TCGA-FS-A1ZA	0.7634481115967274	0.10991636798088411
50	0.6256702540887129	TCGA-FS-A1ZQ	0.556858536886638	0.16153846153846155
51	0.9019031141868512	TCGA-EB-A550	0.5694444444444444	0.0
52	0.7690212226797593	TCGA-EB-A6QY	0.675776397515528	0.0
53	0.3454661558109834	TCGA-DA-A1IC	0.4727272727272727	0.06190476190476191
54	0.6612941790139991	TCGA-YG-AA3N	0.5705954631379963	0.6420054200542006
55	0.2127555988315482	TCGA-DA-A3F5	0.0	0.15
56	0.6643079317581129	TCGA-EB-A41A	0.43314722303849545	0.07575757575757576
57	0.8550224020356875	TCGA-D3-A3CB	0.8656419742908519	0.36666666666666664
58	0.3567718548695821	TCGA-ER-A2NC	0.19824046920821115	0.5201149425287356
59	0.8275638656248537	TCGA-EB-A5UM	0.8216422047795512	0.18981481481481483
60	0.5096208262591964	TCGA-ER-A19C	0.0	0.16666666666666666
61	0.6732657908568582	TCGA-EB-A6L9	0.5544716249870317	0.06841864906381036
62	0.9241351491237328	TCGA-EB-A24D	0.9301551389786684	0.1108695652173913
63	0.873414723418591	TCGA-D3-A1QB	0.8772295600146756	0.6218505946960289
64	0.9404713944664705	TCGA-ER-A3EV	0.7695530726256983	0.2867647058823529
65	0.48611445453550717	TCGA-W3-A824	0.3678989139515455	0.11628787878787879
66	0.5824511124013292	TCGA-ER-A197	0.0	0.6965431218816821
67	0.9659768859760564	TCGA-HR-A2OG	0.9502757403465508	0.22196969696969698
68	0.8368388289029448	TCGA-FR-A8YC	0.8039708757500168	0.11282051282051282
69	0.9257705222761887	TCGA-D3-A8GQ	0.88546424365576	0.0
70	0.11648745519713262	TCGA-GF-A2C7	0.0	0.16666666666666666
71	0.5013181482653168	TCGA-FS-A1YX	0.2222222222222222	0.24666666666666667
72	0.702864125659051	TCGA-WE-A8JZ	0.504	0.0
73	0.1989010989010989	TCGA-EE-A29A	0.0	0.16666666666666666
74	0.5844262295081967	TCGA-D3-A8GP	0.3105263157894737	0.16666666666666666
75	0.7301421310410307	TCGA-FS-A4F8	0.639026475017878	0.15911709258483453
76	0.6614634146341464	TCGA-EE-A29D	0.6440351510774046	0.16666666666666666
77	0.742019089608588	TCGA-YD-A9TA	0.6757531459019478	0.2895357985837923
78	0.6336815742667723	TCGA-GN-A9SD	0.5315394824153948	0.091447799416354
79	0.7927250159665223	TCGA-3N-A9WC	0.7258706073800414	0.46680021498021207
80	0.3045771166978449	TCGA-EB-A1NK	0.34037963761863677	0.25588235294117645
81	0.8260958105127862	TCGA-EE-A2MQ	0.6930680359435173	0.2714285714285714
82	0.6935083031551224	TCGA-Z2-AA3S	0.7288025889967638	0.24593241551939926
83	0.7287177033265602	TCGA-ER-A1A1	0.6141024921123962	0.16233414249016048
84	0.822760049451757	TCGA-D3-A51K	0.6774792703150913	0.22966507177033493
85	0.16161616161616163	TCGA-EB-A3XF	0.0	0.13333333333333333
86	0.3886455798864558	TCGA-D9-A4Z2	0.3611111111111111	0.15
87	0.8890290957942221	TCGA-GF-A3OT	0.7621399176954733	0.175
88	0.702663048166443	TCGA-D9-A148	0.660575296108291	0.18061224489795918
89	0.3374936751560128	TCGA-EB-A5VU	0.13333333333333333	0.0
90	0.6996838027770365	TCGA-EE-A3AC	0.5735453675140942	0.1433002481389578
91	0.8470459080215178	TCGA-EE-A182	0.7179314802844214	0.4891518737672584
92	0.7071937939142385	TCGA-BF-AAP4	0.6366464227521849	0.6053062561415001
93	0.6042450740496922	TCGA-FS-A1ZP	0.5788390729911198	0.12767897856817145
94	0.8347187592330182	TCGA-D3-A8GO	0.7190904975513396	0.041501976284584984
95	0.8789904845396587	TCGA-EE-A2MS	0.8132588700747805	0.37464387464387466
96	0.9578123090130798	TCGA-D3-A3CE	0.9037079578497005	0.43052912066996574
97	0.7932020431116212	TCGA-FS-A1ZH	0.7620621607636037	0.23505858799976448
98	0.880575285310351	TCGA-EE-A29T	0.8363939721093834	0.5618781094527363
99	0.8519330023440759	TCGA-EE-A2A0	0.7070570657973883	0.13652357494722026
100	0.7345300033800365	TCGA-EE-A3JD	0.5357986207726381	0.19111772205694857
101	0.7969014766400387	TCGA-WE-A8K6	0.5	0.0
102	0.3806560516470391	TCGA-ER-A193	0.2573051948051948	0.43261648745519715
103	0.9178340834609748	TCGA-FR-A3YN	0.9273901629485711	0.17232597623089982
104	0.8738490765378065	TCGA-FR-A3R1	0.8845712578217314	0.2512315270935961
105	0.9620225991849163	TCGA-ER-A19N	0.954924427768505	0.24707115550622766
106	0.9483554314690934	TCGA-FS-A1ZW	0.9174594851820193	0.26153039832285113
107	0.5909863945578231	TCGA-EE-A29L	0.564021164021164	0.0
108	0.782389346050429	TCGA-D9-A1JW	0.6997812998974171	0.39380103137086375
109	0.8803061881236011	TCGA-DA-A95W	0.809940036900369	0.15416666666666667
110	0.7434866233329858	TCGA-RP-A6K9	0.6496560699014686	0.14979423868312758
111	0.6718426501035196	TCGA-BF-A5ER	0.45	0.0
112	0.6611726826480523	TCGA-WE-AAA4	0.8433739263583511	0.3150499745141059
113	0.47425856527292376	TCGA-FS-A1YW	0.432277081798084	0.0
114	0.8456424457613192	TCGA-D3-A3CC	0.8175837320574163	0.10714285714285714
115	0.5565218537112437	TCGA-EB-A44Q	0.4911176019919556	0.25762491888384165
116	0.3334275800025704	TCGA-FS-A1ZS	0.5210084033613446	0.0
117	0.5510867825474567	TCGA-FS-A1ZJ	0.3330049261083744	0.09151193633952255
118	0.5259600108269685	TCGA-GN-A4U4	0.5291727140783744	0.0
119	0.8677460159740529	TCGA-D3-A51F	0.8367307206825583	0.7631539166081258
120	0.833197114523208	TCGA-BF-AAP0	0.852604156862253	0.3494845360824742
121	0.20546218487394957	TCGA-FS-A4F4	0.22180451127819548	0.12828947368421054
122	0.2073677956030897	TCGA-EE-A20H	0.0	0.20833333333333334
123	0.7095975232198143	TCGA-D9-A4Z6	0.19047619047619047	0.0
124	0.6587121212121212	TCGA-EE-A3JI	0.5771388499298737	0.11956521739130435
125	0.9403615527045238	TCGA-EE-A184	0.8703493743176283	0.21818181818181817
126	0.7829099900957742	TCGA-ER-A2NF	0.6964721677103712	0.26100966702470463
127	0.3421932197994589	TCGA-D9-A4Z3	0.328125	0.13095238095238096
128	0.3446495466637711	TCGA-EE-A3AH	0.22822822822822822	0.0
129	0.6528781902980483	TCGA-EE-A2MR	0.5980699842140871	0.19113480118914902
130	0.7881524713711878	TCGA-GN-A4U8	0.6583211915437829	0.3254775489952865
131	0.9260236891989758	TCGA-ER-A196	0.8134146341463414	0.15
132	0.8743840640588362	TCGA-D3-A51J	0.8383243722067727	0.2213827317828046
133	0.7306734820224119	TCGA-FW-A3TV	0.6306202605483181	0.02435897435897436
134	0.9439415526664026	TCGA-D3-A2JF	0.94107856429285	0.16675191815856777
135	0.7555773800863281	TCGA-GN-A267	0.633948817622287	0.05514705882352941
136	0.5269583374184263	TCGA-FR-A8YE	0.5503975476578217	0.051262412123533115
137	0.9591334015783364	TCGA-GN-A265	0.9306984562743694	0.13090909090909092
138	0.50267146646457	TCGA-D3-A2JA	0.2915601023017903	0.0
139	0.7078871272085672	TCGA-EB-A3XC	0.7696779964221825	0.1414141414141414
140	0.5541469193672433	TCGA-DA-A1I0	0.4917302798982188	0.35259259259259257
141	0.5931287219422813	TCGA-EE-A2GM	0.47619047619047616	0.32222222222222224
142	0.42678889737713266	TCGA-WE-A8ZT	0.31180017226528856	0.0
143	0.8583896442583817	TCGA-GF-A4EO	0.8198357288757325	0.21792587312900927
144	0.42738996355480796	TCGA-D3-A8GI	0.16666666666666666	0.0
145	0.6751578583167546	TCGA-ER-A19M	0.7490842490842491	0.12754310738071345
146	0.9351597458677416	TCGA-DA-A1I7	0.8314924568965517	0.3006535947712418
147	0.3767962806424345	TCGA-EB-A3Y6	0.3	0.35353535353535354
148	0.8613062752801339	TCGA-ER-A19P	0.8334563717731424	0.5666816476760342
149	0.9587284110279296	TCGA-EB-A5SG	0.8857603038358268	0.45323267267044454
150	0.9646061974469377	TCGA-EE-A2MK	0.9694150578355905	0.278693755983406
151	0.49522711520117485	TCGA-D3-A5GS	0.46956521739130436	0.628486897717667
152	0.7774236239869491	TCGA-EB-A3XB	0.6603015075376885	0.24666666666666667
153	0.7636758211557779	TCGA-GF-A6C8	0.6608226873244541	0.10784313725490197
154	0.9273451388350556	TCGA-D3-A51E	0.7999764424115118	0.27586206896551724
155	0.9509283742004625	TCGA-D3-A1Q7	0.8935257906784844	0.4290968654605018
156	0.7313145062142924	TCGA-QB-AA9O	0.5714062043338483	0.22119815668202766
157	0.7528696393273459	TCGA-D9-A149	0.7218882888885804	0.17582417582417584
158	0.9293842055097848	TCGA-EE-A20B	0.916817954091225	0.5507246376811594
159	0.8853993217892422	TCGA-EE-A29P	0.8897886506887913	0.40279572818175635
160	0.654610146930835	TCGA-ER-A42K	0.4444444444444444	0.0
161	0.8125879643977363	TCGA-EB-A44N	0.6657298918888322	0.09722222222222222
162	0.5896732138262286	TCGA-BF-AAP1	0.46153846153846156	0.0
163	0.3583859064397096	TCGA-BF-A5ES	0.08181818181818182	0.25980392156862747
164	0.6790719332274805	TCGA-QB-A6FS	0.5746729643157695	0.2745428723593112
165	0.6617551223813083	TCGA-EE-A2GS	0.8447619047619047	0.19940476190476192
166	0.21443753992682502	TCGA-ER-A19Q	0.0	0.38433566433566435
167	0.5643101260428429	TCGA-EE-A2GK	0.4400064293176887	0.21072192334172093
168	0.7399326568140194	TCGA-D3-A5GR	0.6662717471708446	0.12227538543328018
169	0.5906247468259204	TCGA-GN-A8LN	0.41468489892984545	0.0
170	0.9200214682382788	TCGA-EE-A20I	0.9289775379986512	0.25
171	0.9084171006418796	TCGA-EB-A85I	0.5138888888888888	0.4723336006415397
172	0.4322006666204611	TCGA-YD-A9TB	0.47797131147540983	0.04329004329004329
173	0.6320585303605472	TCGA-EE-A2GT	0.5709572620848037	0.08640424343941931
174	0.7781989808758977	TCGA-D3-A51N	0.6415114015572859	0.16666666666666666
175	0.5980165885322755	TCGA-EB-A3Y7	0.6714975845410628	0.25
176	0.9290000945100217	TCGA-EE-A3JH	0.8848923205135679	0.31259096293789135
177	0.8083718663584024	TCGA-ER-A19F	0.6856459330143541	0.5454545454545454
178	0.4803047619047619	TCGA-EE-A29R	0.3076923076923077	0.0
179	0.3369283865401208	TCGA-FS-A4F5	0.4444444444444444	0.16666666666666666
180	0.8939100119394555	TCGA-EE-A3JE	0.817231532907596	0.681698312236287
181	0.9541036322898083	TCGA-EE-A2GE	0.9396243555931494	0.43099940941006626
182	0.7668233906001395	TCGA-D3-A2JH	0.6336362731765565	0.727843237704918
183	0.9193669477912815	TCGA-FR-A7UA	0.8988820755185554	0.616373550584077
184	0.8801539152904168	TCGA-FS-A4FD	0.8572849709213346	0.4083333333333333
185	0.948002577262167	TCGA-BF-AAOU	0.8871369079951372	0.058333333333333334
186	0.5291256015126241	TCGA-EE-A3AA	0.42289014007557707	0.05183931593480003
187	0.9297314067566391	TCGA-D3-A3C7	0.7139965297860035	0.48717948717948717
188	0.4949443882709808	TCGA-DA-A1I4	0.0	0.07575757575757576
189	0.5000340882459466	TCGA-EE-A29M	0.3728674646824113	0.06814814814814815
190	0.9318589742721545	TCGA-D3-A5GN	0.8843062701037059	0.24552429667519182
191	0.5854973052425282	TCGA-GN-A26D	0.6461794019933554	0.15873015873015872
192	0.47243328984061195	TCGA-D3-A5GU	0.6459259259259259	0.1638655462184874
193	0.5665581211762384	TCGA-ER-A2ND	0.5281306715063521	0.16666666666666666
194	0.8040365277333618	TCGA-EE-A2A5	0.5243243243243243	0.17142857142857143
195	0.8318764450230187	TCGA-WE-A8ZR	0.8423636121115112	0.08888888888888889
196	0.7394642408620491	TCGA-EE-A29X	0.5791743351625158	0.39299242424242425
197	0.8623761618973008	TCGA-D3-A2J7	0.8161375256926396	0.10784313725490197
198	0.47709995899441693	TCGA-DA-A95X	0.4056916996047431	0.11507936507936507
199	0.9780763039015175	TCGA-D3-A8GN	0.961573786510726	0.30392156862745096
200	0.8214403537599685	TCGA-EB-A3XD	0.6968973376955638	0.13090909090909092
201	0.522300113679424	TCGA-BF-AAP2	0.32525758841548313	0.08897243107769423
202	0.7279373111850764	TCGA-EE-A29C	0.6472902097902098	0.16153846153846155
203	0.42497650621280153	TCGA-EE-A2MP	0.0	0.5269827072152653
204	0.9112003492540981	TCGA-EB-A44R	0.9016207158379808	0.4935400516795866
205	0.8148389033420051	TCGA-FW-A5DX	0.752454530822469	0.15
206	0.7435298272462403	TCGA-W3-A825	0.8564520041234612	0.2867063492063492
207	0.6936799780254461	TCGA-EE-A2MF	0.5512944759795099	0.3783068783068783
208	0.3489177489177489	TCGA-EB-A4P0	0.3157894736842105	0.3673469387755102
209	0.573536090835361	TCGA-EE-A17Y	0.4644326866549089	0.0
210	0.935382541821707	TCGA-D3-A1Q9	0.7457097457627119	0.4864864864864865
211	0.6573129124973387	TCGA-EE-A2MJ	0.613870679161717	0.40331594634873325
212	0.8700134853673576	TCGA-GF-A6C9	0.801754952514434	0.2719298245614035
213	0.7753043941409199	TCGA-ER-A199	0.7164924052031336	0.17876932050160396
214	0.8259443442272169	TCGA-EE-A2MM	0.8515742419312354	0.17366946778711484
215	0.9033434843950304	TCGA-W3-AA1R	0.9561430752050115	0.1763668430335097
216	0.8885704424913091	TCGA-DA-A1I1	0.7229935576512594	0.2579578338156263
217	0.8380411963848319	TCGA-EE-A3J3	0.8274090452261307	0.036923076923076927
218	0.41934974747474746	TCGA-GN-A4U5	0.16666666666666666	0.5169288645690835
219	0.6139910464410343	TCGA-D3-A51T	0.4921277352784202	0.0
220	0.8662723259545364	TCGA-DA-A1I5	0.779207289481262	0.28505291005291006
221	0.8989574130833913	TCGA-RP-A693	0.8484768555043981	0.37037037037037035
222	0.9252225803154728	TCGA-D3-A3MR	0.908939066747734	0.36093085701499217
223	0.23078519804502481	TCGA-FS-A1ZG	0.15416666666666667	0.13333333333333333
224	0.8477654414968512	TCGA-EE-A2M8	0.843942502816369	0.3899140737376032
225	0.7029412520363503	TCGA-D3-A3C8	0.5852462331883912	0.5301183881829044
226	0.9285710129225244	TCGA-HR-A2OH	0.917067528599043	0.41756697408871324
227	0.4768407212622089	TCGA-D3-A2JE	0.26429521276595747	0.0
228	0.8182575811024027	TCGA-D3-A8GM	0.804365169709034	0.28523936170212766
229	0.7601728803821964	TCGA-EE-A2M5	0.7742104475377938	0.13333333333333333
230	0.25963613937711993	TCGA-EB-A299	0.16666666666666666	0.2619047619047619
231	0.8864839481101273	TCGA-WE-A8ZX	0.9017788045704921	0.19
232	0.8159256700424276	TCGA-BF-A1PX	0.6920289323224391	0.45780863013220774
233	0.9162758381101268	TCGA-D3-A8GK	0.8850947158524427	0.0
234	0.721013744690892	TCGA-BF-A3DJ	0.3996781979082864	0.531986531986532
235	0.7748216117018406	TCGA-EB-A5SE	0.6591834488830197	0.08888888888888889
236	0.7230276074848739	TCGA-FW-A3I3	0.4876660341555977	0.23376623376623376
237	0.8788777778476147	TCGA-BF-A5EO	0.7449114459423738	0.39327731092436974
238	0.7342864369187668	TCGA-EB-A4XL	0.5227701746106654	0.13027295285359802
239	0.883800317199969	TCGA-EB-A5UL	0.8473039764639286	0.3728146853146853
240	0.559734400813318	TCGA-ER-A19J	0.1590909090909091	0.2878787878787879
241	0.13657407407407407	TCGA-FS-A4FB	0.0	0.0
242	0.7860580049421251	TCGA-D3-A3ML	0.4382716049382716	0.0
243	0.265625	TCGA-BF-A9VF	0.26666666666666666	0.0
244	0.5466160242389695	TCGA-FS-A1ZM	0.26854219948849106	0.7319508448540707
245	0.8555371975586524	TCGA-ER-A195	0.7570020157595748	0.41745283018867924
246	0.2215909090909091	TCGA-EE-A180	0.0	0.09722222222222222
247	0.14565826330532214	TCGA-BF-A5EP	0.16666666666666666	0.0
248	0.5946542515768674	TCGA-BF-A1Q0	0.46570048309178746	0.23787878787878788
249	0.953195881777992	TCGA-D3-A2JP	0.7978201099764336	0.14936128398296758
250	0.8084628728238795	TCGA-EE-A3AB	0.8842800715782123	0.06190476190476191
251	0.46794871794871795	TCGA-BF-A3DM	0.1	0.0
252	0.7489883560377912	TCGA-D3-A3C1	0.7652374947456915	0.24074074074074073
253	0.6102181400688863	TCGA-WE-A8ZY	0.4851190476190476	0.0
254	0.9242095915513924	TCGA-DA-A3F2	0.8807805215575117	0.5791648507739738
255	0.8964245014245015	TCGA-EB-A24C	0.8322524101665206	0.0
256	0.7310495626822158	TCGA-W3-AA1V	0.4130958112662494	0.07051282051282051
257	0.7568166374811423	TCGA-FW-A3TU	0.6314411168212338	0.24728260869565216
258	0.8174107795068987	TCGA-ER-A19D	0.7467725002837362	0.03499142367066895
259	0.5259259259259259	TCGA-3N-A9WB	0.0	0.0
260	0.6011274503811818	TCGA-D3-A3C3	0.4914838579635166	0.3425
261	0.6975620008406893	TCGA-DA-A1HY	0.24883720930232558	0.0
262	0.8329237804760787	TCGA-Z2-A8RT	0.684061029053725	0.15826801045166106
263	0.7440736179961338	TCGA-FS-A1ZZ	0.6292937887443782	0.0
264	0.8437375333805657	TCGA-D3-A1QA	0.7951344284658671	0.1868279569892473
265	0.8888695637293604	TCGA-DA-A1HV	0.7295677213592455	0.32894736842105265
266	0.4919654316762214	TCGA-EB-A44P	0.33771929824561403	0.5
267	0.8174791072479515	TCGA-ER-A19E	0.5462426035502959	0.0
268	0.8338463159441785	TCGA-EB-A4IS	0.7313050918802109	0.56311168681635
269	0.627473872945327	TCGA-D3-A2JD	0.5894475916639568	0.23512458987319323
270	0.7358843998643086	TCGA-FR-A729	0.6769820761147188	0.14512195121951219
271	0.9266900418141348	TCGA-EE-A2GI	0.8929887842336656	0.25692904656319293
272	0.4975580959889623	TCGA-ER-A2NG	0.42496108674119143	0.37075008762705924
273	0.9104022236807029	TCGA-EE-A20F	0.8483569095026027	0.31753246753246755
274	0.0	TCGA-D3-A3C6	0.0	0.0
275	0.90333992247718	TCGA-EE-A2GB	0.8603858444786365	0.17045454545454544
276	0.8966386856441518	TCGA-D3-A8GS	0.8681224136303107	0.13862289101687186
277	0.4336111111111111	TCGA-D3-A8GV	0.25	0.0
278	0.8346326081614438	TCGA-ER-A19G	0.7970472336120135	0.2672672672672673
279	0.36357860450777096	TCGA-EB-A5KH	0.2094741416775315	0.15
280	0.8257645667444663	TCGA-EE-A2MN	0.7751139468901586	0.15383726306056403
281	0.3442221314822376	TCGA-GN-A4U7	0.0	0.0
282	0.9178824220337451	TCGA-D3-A2JO	0.9082845539681197	0.5281462750437658
283	0.8616306501116301	TCGA-EE-A2A6	0.8213689541139964	0.28436791383219956
284	0.7209896650205587	TCGA-WE-AA9Y	0.6369150553388775	0.0
285	0.4150375939849624	TCGA-GF-A769	0.16666666666666666	0.0
286	0.7103788248878625	TCGA-EB-A4OZ	0.5685714285714286	0.24777183600713013
287	0.9269291031887266	TCGA-EB-A82B	0.8665551196460216	0.5294117647058824
288	0.5158541055718475	TCGA-FR-A69P	0.375	0.13333333333333333
289	0.6432653691689836	TCGA-YG-AA3P	0.608	0.15
290	0.8490867009472841	TCGA-ER-A19W	0.8523534770725782	0.17992390986245244
291	0.8668162920656043	TCGA-EE-A2ME	0.8249705905068773	0.28400127953205684
292	0.7671646415185588	TCGA-FW-A3R5	0.5630275521579869	0.28793103448275864
293	0.924567949158832	TCGA-D3-A8GD	0.9403647170856264	0.28706199460916443
294	0.7216481187069422	TCGA-D3-A2J6	0.0	0.7667750517292344
295	0.9083773716035265	TCGA-DA-A1IB	0.8561107858252687	0.3036357235441904
296	0.6477314258862842	TCGA-EB-A82C	0.4123354123354123	0.0
297	0.645014917259428	TCGA-EB-A5VV	0.4331369246122405	0.1838653790074961
298	0.6673835237160207	TCGA-EB-A4OY	0.6625	0.32142857142857145
299	0.79918454651127	TCGA-D3-A3CF	0.740326575052584	0.14245278163758943
300	0.33276740237691	TCGA-D3-A8GR	0.0	0.0
301	0.8554041189159225	TCGA-XV-AAZY	0.7791798107255521	0.10598153352067442
302	0.7365079365079366	TCGA-BF-A1PU	0.0	0.0
303	0.7387426348296431	TCGA-D3-A3BZ	0.7088090980616552	0.26161207213838794
304	0.8442589473417593	TCGA-ER-A198	0.7996002610540055	0.21428571428571427
305	0.8803871649238563	TCGA-D9-A3Z4	0.7357103252091319	0.13364413364413363
306	0.16557093425605537	TCGA-EB-A5UN	0.0	0.09722222222222222
307	0.8914763062722191	TCGA-D3-A8GJ	0.8799027534542763	0.37444614209320093
308	0.8672019339256752	TCGA-EE-A29H	0.8419152728671978	0.13865546218487396
309	0.5358411917452508	TCGA-EB-A431	0.3080357142857143	0.13333333333333333
310	0.7298677042274884	TCGA-GN-A26C	0.7137433624735232	0.40353718168540037
311	0.888816919789449	TCGA-D9-A6E9	0.8894118990562621	0.699322595829155
312	0.7804753147906929	TCGA-EB-A430	0.4818978658536585	0.4369047619047619
313	0.6171652421652422	TCGA-OD-A75X	0.5187556154537286	0.15
314	0.7968697047339167	TCGA-D3-A2JG	0.6659497981836529	0.20606060606060606
315	0.7666315610493282	TCGA-ER-A3ET	0.7165812565812566	0.14423076923076922
316	0.33378378378378376	TCGA-YD-A89C	0.0	0.0
317	0.8005341478988793	TCGA-D3-A2JN	0.7516688868905634	0.646505376344086
318	0.6966156574822636	TCGA-DA-A3F3	0.6105248917748918	0.06593406593406594
319	0.9084926895204923	TCGA-FS-A1ZT	0.8595704292625805	0.2829537612146308
320	0.7549530761209593	TCGA-WE-A8K5	0.7829403606102635	0.10714285714285714
321	0.5085673253107512	TCGA-W3-AA21	0.27976190476190477	0.07575757575757576
322	0.6275569687334394	TCGA-EE-A29Q	0.6696333969061242	0.15873015873015872
323	0.7394412264454125	TCGA-D3-A1Q3	0.6066879319716575	0.23565612218094487
324	0.9625438891048748	TCGA-ER-A42L	0.9036427483499746	0.5856466765557675
325	0.20195879770347855	TCGA-ER-A19K	0.0	0.2113095238095238
326	0.8867264899160564	TCGA-EE-A2MC	0.8777420581607773	0.40796201607012417
327	0.9223888676612365	TCGA-EE-A2GH	0.9041462741681393	0.3202412305813199
328	0.3672498597202493	TCGA-D3-A8GE	0.4268837803320562	0.12151490733279613
329	0.980177965728382	TCGA-WE-A8ZN	0.6447963800904978	0.36741388737014763
330	0.6809594395328016	TCGA-D3-A51H	0.5309026971436155	0.20253960765813578
331	0.5080802149243214	TCGA-FS-A1ZN	0.3788896746817539	0.13333333333333333
332	0.9414812408428672	TCGA-EB-A85J	0.9103351355571604	0.3392255892255892
333	0.5141560938100731	TCGA-WE-A8K4	0.32592592592592595	0.5174049478216449
334	0.4569072198258453	TCGA-EE-A2M7	0.4045058139534884	0.1203635470400393
335	0.578512042971634	TCGA-BF-AAOX	0.39173789173789175	0.08181818181818182
336	0.14423076923076922	TCGA-FS-A1ZE	0.0	0.13333333333333333
337	0.20923913043478262	TCGA-EE-A20C	0.26666666666666666	0.0
338	0.47214854111405835	TCGA-FS-A1YY	0.0	0.0
339	0.8162679286534494	TCGA-D3-A2J8	0.7431899848877778	0.380149919890135
340	0.9474375862438429	TCGA-EB-A551	0.9338406959064813	0.6194276279581729
341	0.806185118001625	TCGA-D3-A1Q4	0.7926652196691865	0.0
342	0.14432565789473684	TCGA-FS-A4F2	0.0	0.0
343	0.07710651828298887	TCGA-FR-A726	0.0	0.0
344	0.8350518149794359	TCGA-D9-A1JX	0.8491029522410519	0.3657548125633232
345	0.9253673583193741	TCGA-EE-A2GC	0.8701667059047747	0.3235294117647059
346	0.6741746379039112	TCGA-EE-A2M6	0.5846343237647585	0.3076923076923077
347	0.40205128205128204	TCGA-W3-A828	0.11538461538461539	0.0
348	0.6222772340818218	TCGA-D3-A1Q8	0.5130207411497899	0.08521303258145363
349	0.5869225153822087	TCGA-EE-A2GP	0.373904576436222	0.1258741258741259
350	0.6405944749062678	TCGA-EE-A29N	0.4568700396825397	0.14513603444901155
351	0.4299480475951064	TCGA-GN-A268	0.48	0.0
352	0.38807672132643056	TCGA-EE-A17Z	0.15756302521008403	0.0
353	0.9118036143287102	TCGA-D3-A8GC	0.8931781595545352	0.0
354	0.868469463989978	TCGA-EE-A2A2	0.7979687834364111	0.0285204991087344
355	0.25853658536585367	TCGA-EE-A29B	0.0	0.0
356	0.8512800833690921	TCGA-BF-AAP7	0.7049641478212907	0.4779693486590038
357	0.4611861861861862	TCGA-FS-A1Z7	0.36574074074074076	0.08181818181818182
358	0.8232321495886105	TCGA-D9-A3Z1	0.7832348495259035	0.24812030075187969
359	0.7820738569292516	TCGA-D9-A1X3	0.7761865569272977	0.375
360	0.8524815602702717	TCGA-EE-A2GU	0.8119580645873017	0.418570788530466
361	0.7910986637872858	TCGA-FS-A4F9	0.2777777777777778	0.3
362	0.36160714285714285	TCGA-EE-A29W	0.0	0.45
363	0.4432264139099868	TCGA-DA-A95Y	0.398505603985056	0.0
364	0.786490644427399	TCGA-YG-AA3O	0.7879429892141756	0.11714285714285715
365	0.8534158418770753	TCGA-D9-A3Z3	0.823908380308952	0.17087087087087088
366	0.30957127036861254	TCGA-EE-A3J4	0.0	0.06190476190476191
367	0.3158059467918623	TCGA-XV-AAZV	0.0	0.3516949152542373
368	0.9204578348788991	TCGA-DA-A1HW	0.9078969559288612	0.19490865528601378
369	0.3280453080509403	TCGA-FS-A1ZB	0.26954732510288065	0.13787878787878788
370	0.9165738054525543	TCGA-XV-A9W2	0.7404076738609112	0.0
371	0.7249941981898352	TCGA-EE-A2GR	0.33444816053511706	0.0
372	0.6204489460717219	TCGA-GN-A263	0.5598958333333334	0.0
373	0.7729395597163061	TCGA-FS-A4FC	0.5100610851598993	0.13095238095238096
374	0.7826144720459856	TCGA-D3-A8GB	0.631609864378333	0.33528605259877853
375	0.5551270417422868	TCGA-W3-AA1O	0.2159090909090909	0.0
376	0.9179575264309899	TCGA-FS-A1Z0	0.9034986543637062	0.20530565167243367
377	0.7388668430335097	TCGA-ER-A3PL	0.55	0.0
378	0.33653846153846156	TCGA-FR-A7U8	0.0	0.0
379	0.7947078803661366	TCGA-EE-A2MH	0.8072656745365708	0.1862388770522622
380	0.8872351374935672	TCGA-EB-A97M	0.7545805207328833	0.2692307692307692
381	0.838161005478297	TCGA-EE-A2MD	0.7594846143317531	0.18614718614718614
382	0.8784497435155615	TCGA-WE-A8ZO	0.6837606837606838	0.3680440771349862
383	0.4818132757690232	TCGA-EB-A42Z	0.3125	0.07051282051282051
384	0.7692884809088172	TCGA-D3-A3MU	0.7655798169376489	0.2608695652173913
385	0.30913978494623656	TCGA-FS-A4F0	0.16666666666666666	0.0
386	0.9397135196547369	TCGA-WE-A8K1	0.8617041925465838	0.4135518497220625
387	0.8111496725144159	TCGA-GN-A266	0.7740823235128976	0.4041370394311571
388	0.383147853736089	TCGA-BF-A3DL	0.0	0.0
389	0.82218971061733	TCGA-DA-A3F8	0.7828150874201963	0.49649345162653147
390	0.2935960591133005	TCGA-DA-A1IA	0.0	0.26666666666666666
391	0.7585440074906367	TCGA-EE-A2GJ	0.6704545454545454	0.418640350877193
392	0.833831022289392	TCGA-FR-A44A	0.6661071008897096	0.17955679903347851
393	0.8184243301992409	TCGA-EB-A57M	0.7908304265731904	0.08181818181818182
394	0.6406301319383807	TCGA-EB-A553	0.24171539961013644	0.0
395	0.49110090578988935	TCGA-EE-A183	0.45804590411328694	0.15159015551300611
396	0.6250847177452682	TCGA-EE-A29S	0.38163421153111876	0.18022222222222223
397	0.8148251383447725	TCGA-WE-AAA3	0.8580732366674859	0.4564633678557729
398	0.9110220138441726	TCGA-RP-A695	0.7068236714975845	0.11507936507936507
399	0.33891309332721853	TCGA-EE-A3J7	0.16666666666666666	0.33868092691622104
400	0.8239190024575109	TCGA-FR-A8YD	0.754104299428609	0.07575757575757576
401	0.7535906974251171	TCGA-EE-A3JA	0.6197093865192207	0.16666666666666666
402	0.8823164863366009	TCGA-D3-A2JL	0.762213474791483	0.26549041400388995
403	0.7013041365358095	TCGA-XV-AB01	0.685018438409536	0.0
404	0.5300107881894021	TCGA-EE-A2MG	0.4831964285714286	0.11559158095497582
405	0.25555555555555554	TCGA-XV-A9W5	0.0	0.18253968253968253
406	0.5805335090085851	TCGA-D9-A6EA	0.5327163712200208	0.0
407	0.3501086956521739	TCGA-ER-A19T	0.22857142857142856	0.23741690408357075
408	0.22132796780684105	TCGA-EB-A41B	0.0	0.245014245014245
409	0.6601223692185508	TCGA-EE-A29V	0.6216023618039296	0.0
410	0.5491356390870354	TCGA-3N-A9WD	0.4701417178266108	0.11010915994304699
411	0.37093023255813956	TCGA-D9-A6EC	0.2857142857142857	0.15873015873015872
412	0.9026753244388516	TCGA-RP-A694	0.8429375502546235	0.3934782608695652
413	0.6363456040273047	TCGA-EB-A6R0	0.6653883029721956	0.6674806674806675
414	0.925183629714072	TCGA-DA-A95V	0.8515204906075202	0.2855218855218855
415	0.24827115217087362	TCGA-WE-AAA0	0.15384615384615385	0.01693889897156685
416	0.4068935041979673	TCGA-D3-A51G	0.15873015873015872	0.4480769230769231
417	0.8867751609166847	TCGA-EE-A2A1	0.8711571990230103	0.4935002182180934
418	0.6592783380492878	TCGA-D3-A5GO	0.6162790697674418	0.35185185185185186
419	0.878391497805831	TCGA-EE-A2MT	0.7572604350382128	0.08888888888888889
420	0.8862245463157015	TCGA-DA-A1I2	0.8515042771516692	0.32
421	0.6477545236538043	TCGA-ER-A2NB	0.6308985132514544	0.6866666666666666
422	0.5001783204619266	TCGA-ER-A19A	0.6054001301236175	0.4889880952380952
423	0.26057142857142856	TCGA-LH-A9QB	0.0	0.0
424	0.6099159154609499	TCGA-EB-A3HV	0.32592592592592595	0.0
425	0.5887271014714209	TCGA-Z2-AA3V	0.617653618824579	0.5460152217653749
426	0.6609211252068395	TCGA-ER-A194	0.3	0.5742024965325936
427	0.5373436253725704	TCGA-W3-AA1Q	0.45930899908172634	0.09287925696594428
